1.4 
1.6 
1.4 
10.2 
2.0 
1.4 
1.4 
15.1 
6.2 
1.3 
2.9 
4.6 
1.4 
6.9 
2.0 
10.2 
6.5 
14.1 
4.0 
1.4 
20.3 
12.9 
17.6 
n.d
1.4 
13.6 
n.d
12.7 
15.6 
16.9 
10.9 
4.4 
2.0 
15.7 
22.8 
10.4 
4.9 
n.d
15.6 
9.7 
20.7 
11.9 
18.9 
19.5 
n.d
11.9 
19.2 
12.2 
16.1 
12.4 
16.7 
17.0 
5.5 
18.7 
12.7 
n.d
20.7 
10.2 
21.9 
14.7 
12.4 
7.4 
12.1 
16.8 
13.0 
6.3 
16.0 
10.5 
21.5 
7.1 
14.8 
22.4 
18.7 
17.6 
15.8 
14.2 
16.6 
13.2 
11.6 
15.5 
7.7 
21.6 
20.0 
22.5 
22.7 
11.1 
n.d
15.4 
20.8 
9.2 
n.d
17.6 
14.4 
27.1 
17.3 
10.9 
21.8 
6.8 
17.9 
16.0 
9.0 
9.8 
10.9 
20.1 
12.7 
17.1 
21.0 
21.6 
10.3 
15.9 
22.3 
19.6 
21.3 
n.d
23.5 
8.9 
17.6 
20.1 
20.3 
17.3 
7.9 
18.5 
21.6 
18.7 
20.7 
6.8 
7.8 
16.0 
13.8 
23.4 
9.1 
24.1 
22.3 
22.0 
21.6 
24.2 
18.0 
24.6 
11.0 
13.3 
21.6 
19.3 
23.8 
22.9 
15.8 
5.1 
22.1 
20.3 
21.5 
17.7 
15.2 
12.6 
25.0 
23.9 
16.9 
21.1 
20.3 
23.6 
10.5 
10.2 
18.8 
19.9 
20.1 
19.1 
23.9 
21.5 
18.3 
19.6 
13.1 
19.8 
20.9 
21.8 
15.9 
19.3 
19.7 
17.3 
14.5 
18.3 
13.9 
20.7 
10.8 
21.4 
23.2 
1.4 
23.4 
11.9 
21.0 
27.9 
12.6 
23.7 
22.7 
15.8 
24.3 
19.6 
23.6 
22.2 
8.7 
9.9 
18.2 
11.1 
17.8 
22.6 
10.2 
8.6 
11.0 
10.8 
11.3 
24.3 
10.1 
23.2 
19.0 
24.5 
17.3 
19.2 
25.0 
15.7 
21.6 
24.0 
9.8 
17.7 
27.1 
22.4 
25.9 
19.3 
10.7 
11.2 
11.7 
18.6 
25.4 
27.0 
25.7 
12.7 
18.4 
28.7 
10.6 
23.1 
20.9 
11.8 
19.3 
13.0 
16.4 
20.4 
19.4 
22.0 
20.9 
22.5 
8.3 
22.6 
15.6 
25.8 
21.9 
20.4 
23.6 
24.6 
21.9 
24.7 
25.8 
17.8 
23.7 
20.0 
18.5 
21.6 
22.3 
28.2 
23.2 
19.5 
10.7 
14.4 
23.8 
20.4 
25.9 
23.3 
21.7 
11.1 
20.0 
21.4 
19.0 
26.2 
13.8 
20.0 
17.4 
24.1 
20.6 
27.0 
20.0 
19.7 
22.6 
21.3 
24.6 
21.4 
22.2 
24.5 
13.5 
20.3 
22.5 
22.0 
21.5 
24.5 
20.9 
23.0 
22.0 
18.7 
22.9 
22.0 
20.7 
22.7 
20.0 
23.2 
20.7 
24.0 
22.9 
22.1 
23.4 
12.9 
25.6 
19.1 
23.5 
23.1 
1.4 
23.9 
25.2 
17.9 
22.3 
24.1 
24.3 
21.9 
22.0 
17.3 
19.0 
14.1 
26.9 
25.2 
20.3 
19.1 
13.6 
15.2 
25.7 
17.2 
25.8 
26.8 
8.7 
7.5 
8.0 
