0.8 
0.9 
0.8 
7.2 
1.2 
0.9 
0.8 
10.2 
4.5 
0.9 
2.2 
3.7 
0.8 
5.2 
2.3 
4.9 
4.7 
10.0 
3.4 
2.2 
13.0 
9.2 
11.8 
11.1 
2.2 
10.4 
14.4 
9.1 
10.8 
12.0 
6.0 
0.8 
1.1 
10.8 
14.1 
7.4 
1.5 
15.2 
10.7 
7.0 
13.2 
8.6 
12.5 
12.7 
12.0 
8.5 
12.6 
7.9 
10.4 
9.0 
11.4 
11.7 
4.8 
12.2 
6.8 
12.6 
13.3 
3.6 
13.7 
10.3 
8.7 
5.3 
8.0 
10.9 
9.1 
3.0 
10.9 
4.5 
13.5 
4.9 
10.3 
13.9 
12.0 
11.7 
10.9 
9.9 
10.9 
4.7 
8.3 
10.0 
5.0 
13.6 
12.8 
14.1 
14.1 
4.3 
12.7 
10.7 
13.4 
4.0 
12.9 
11.8 
10.1 
16.0 
11.7 
9.7 
13.7 
4.7 
12.0 
10.5 
5.0 
5.1 
6.7 
13.0 
9.1 
11.6 
13.4 
13.6 
4.9 
11.0 
14.0 
12.7 
13.5 
10.8 
14.5 
8.7 
11.8 
12.9 
13.1 
11.2 
5.3 
13.7 
13.6 
11.6 
13.2 
8.7 
9.4 
10.4 
7.9 
14.5 
5.1 
14.8 
14.0 
13.8 
13.6 
14.7 
11.9 
15.0 
5.8 
7.9 
13.6 
12.6 
14.6 
14.3 
10.9 
4.3 
13.8 
13.0 
13.5 
11.3 
10.6 
6.9 
15.2 
14.6 
10.9 
13.5 
13.0 
14.6 
11.0 
7.9 
12.3 
12.9 
12.9 
12.5 
14.6 
13.6 
12.1 
12.7 
9.3 
12.8 
13.3 
13.7 
10.9 
12.6 
12.8 
11.2 
10.3 
11.6 
9.9 
13.2 
7.9 
13.6 
14.3 
4.2 
14.4 
10.2 
13.3 
16.8 
9.1 
14.6 
14.1 
10.9 
14.8 
12.7 
14.6 
13.9 
7.2 
7.2 
11.4 
7.9 
11.8 
14.1 
7.5 
6.9 
10.4 
7.9 
12.1 
14.9 
10.1 
14.3 
11.4 
14.9 
11.7 
12.1 
15.2 
10.9 
13.6 
14.7 
5.1 
10.7 
16.4 
14.0 
15.6 
12.2 
7.9 
5.2 
7.5 
13.0 
15.4 
16.6 
15.5 
9.9 
12.2 
18.0 
7.6 
14.3 
13.0 
11.9 
12.2 
10.7 
10.6 
13.1 
11.7 
13.8 
15.0 
14.0 
10.7 
14.1 
7.1 
15.6 
13.8 
12.7 
15.0 
15.0 
13.7 
15.1 
15.6 
11.9 
14.6 
12.7 
12.2 
13.7 
13.7 
17.3 
14.3 
12.7 
8.4 
10.1 
13.5 
12.7 
15.7 
14.4 
12.7 
8.2 
12.6 
13.1 
12.5 
15.8 
9.9 
13.2 
13.0 
14.7 
12.6 
16.4 
13.0 
12.7 
13.9 
13.1 
15.0 
13.5 
13.5 
14.1 
9.2 
14.3 
14.0 
13.5 
13.3 
14.9 
11.8 
14.1 
13.5 
12.6 
13.9 
12.9 
13.0 
13.7 
12.9 
13.9 
13.4 
14.5 
13.8 
11.5 
14.2 
13.6 
14.3 
13.4 
14.2 
14.0 
3.8 
14.4 
15.3 
11.9 
14.0 
14.4 
14.6 
13.9 
15.8 
12.4 
13.2 
12.3 
14.7 
15.0 
11.6 
13.4 
13.4 
12.5 
15.3 
13.0 
15.7 
17.2 
7.0 
6.6 
6.1 
